25 0.206802 0.092638 0.032089 0.032115
13 0.233359 0.088109 0.018811 0.026350
16 0.264341 0.093050 0.029876 0.031291
16 0.295877 0.093462 0.028769 0.040349
19 0.327965 0.095520 0.028769 0.044466
13 0.626724 0.081522 0.017704 0.016469
19 0.598508 0.090168 0.027663 0.041996
1 0.686476 0.088933 0.039834 0.036232
6 0.723544 0.090580 0.029876 0.034585
12 0.753973 0.081933 0.028769 0.022233
13 0.782189 0.080698 0.025450 0.021410
5 0.085086 0.199687 0.034302 0.032115
8 0.119941 0.207922 0.030982 0.040349
0 0.233359 0.205863 0.023237 0.029644
15 0.699201 0.200922 0.038728 0.042819
3 0.574718 0.196805 0.028769 0.032938
2 0.541523 0.202981 0.024343 0.037055
5 0.512200 0.198040 0.027663 0.028821
15 0.479558 0.201746 0.033195 0.037879
13 0.445809 0.195158 0.023237 0.023057
6 0.417040 0.202569 0.027663 0.031291
12 0.633363 0.191864 0.035408 0.021410
13 0.657153 0.190217 0.021024 0.023057
8 0.083979 0.261446 0.029876 0.032115
14 0.115515 0.260211 0.028769 0.026350
3 0.148157 0.260623 0.027663 0.030468
12 0.176373 0.254858 0.028769 0.017292
5 0.209015 0.258152 0.032089 0.020586
3 0.236678 0.258152 0.027663 0.027174
8 0.273193 0.262681 0.045367 0.034585
11 0.511093 0.256505 0.034302 0.030468
8 0.668772 0.257740 0.035408 0.039526
13 0.629490 0.249506 0.018811 0.018116
12 0.604594 0.248271 0.030982 0.017292
5 0.574165 0.252800 0.029876 0.026350
15 0.789935 0.366024 0.036515 0.043643
5 0.823130 0.362319 0.023237 0.031291
16 0.854113 0.364789 0.027663 0.027997
12 0.719671 0.472661 0.035408 0.024704
0 0.753973 0.478837 0.019917 0.037055
1 0.786615 0.478837 0.034302 0.045290
8 0.817598 0.480484 0.027663 0.033762
3 0.852453 0.478837 0.033195 0.027174
0 0.880116 0.479249 0.019917 0.037879
18 0.918844 0.473485 0.046474 0.051054
19 0.086192 0.539361 0.036515 0.028821
3 0.121601 0.538126 0.027663 0.029644
0 0.148710 0.541008 0.022130 0.037055
13 0.180246 0.530303 0.029876 0.025527
15 0.215101 0.542243 0.033195 0.039526
0 0.387717 0.539773 0.024343 0.034585
3 0.423679 0.533597 0.036515 0.025527
1 0.456321 0.537302 0.028769 0.034585
14 0.482877 0.538126 0.028769 0.036232