4 0.372851 0.329710 0.038851 0.057971
19 0.427596 0.342391 0.038851 0.079710
13 0.461149 0.324275 0.035319 0.050725
5 0.510596 0.327899 0.045915 0.076087
0 0.544149 0.341486 0.031787 0.077899
0 0.590064 0.334239 0.060043 0.096014
3 0.651873 0.335145 0.070638 0.076087
12 0.397574 0.483696 0.060043 0.032609
5 0.446138 0.497283 0.037085 0.059783
14 0.489404 0.496377 0.038851 0.079710
24 0.535319 0.512681 0.045915 0.123188
24 0.334883 0.325181 0.001766 0.005435
3 0.579468 0.498188 0.045915 0.065217
19 0.634213 0.505435 0.070638 0.090580