16 0.328116 0.606522 0.012174 0.037391
9 0.348696 0.602174 0.011594 0.039130
19 0.377971 0.593478 0.009855 0.030435
17 0.445797 0.583043 0.007536 0.033913
1 0.434203 0.581739 0.011014 0.033043
3 0.366667 0.593913 0.009275 0.024348
0 0.356812 0.595217 0.008116 0.040870
15 0.455072 0.576957 0.011014 0.037391
19 0.472917 0.577500 0.012500 0.034375
8 0.521667 0.563437 0.011667 0.028750
3 0.530833 0.559375 0.010000 0.023125
13 0.539375 0.555000 0.008750 0.011875
23 0.550417 0.554062 0.010000 0.022500
7 0.577708 0.549687 0.012083 0.021250