17 0.358799 0.304645 0.049113 0.108109
20 0.412005 0.302748 0.051842 0.111902
6 0.463847 0.304645 0.046385 0.111902
1 0.512278 0.302748 0.045020 0.100522
24 0.568895 0.302748 0.057299 0.115696
7 0.190996 0.783549 0.051842 0.117592
0 0.242838 0.775014 0.057299 0.111902
25 0.298772 0.775962 0.057299 0.125179
4 0.351296 0.777859 0.055935 0.132765
11 0.407231 0.773117 0.053206 0.111902
2 0.601637 0.685872 0.054570 0.138455
8 0.661664 0.697252 0.054570 0.127075
15 0.715553 0.700096 0.055935 0.110006
15 0.774898 0.707683 0.057299 0.121386