11 0.153382 0.482790 0.070048 0.070652
14 0.213768 0.485507 0.065217 0.076087
14 0.268116 0.483696 0.067633 0.065217
10 0.323671 0.481884 0.043478 0.083333
22 0.413043 0.488225 0.062802 0.067029
8 0.471014 0.479167 0.053140 0.052536
19 0.524155 0.487319 0.057971 0.065217
7 0.582126 0.490942 0.067633 0.065217
7 0.657005 0.479167 0.057971 0.056159
4 0.723430 0.471920 0.050725 0.063406
0 0.766908 0.471014 0.041063 0.043478
17 0.833333 0.489130 0.057971 0.079710
7 0.896135 0.493659 0.062802 0.085145
13 0.088164 0.554348 0.079710 0.068841
14 0.160628 0.557065 0.050725 0.067029
19 0.216184 0.554348 0.070048 0.057971
20 0.289855 0.560688 0.057971 0.056159
18 0.355072 0.554348 0.057971 0.065217
8 0.413043 0.546196 0.062802 0.045290
13 0.524155 0.550725 0.062802 0.054348
6 0.601449 0.552536 0.072464 0.050725
4 0.665459 0.556159 0.065217 0.079710
24 0.722222 0.538949 0.057971 0.067029
4 0.792271 0.551630 0.082126 0.063406