8 0.332667 0.385210 0.052000 0.119205
13 0.390667 0.412804 0.053333 0.147903
3 0.440000 0.394040 0.042667 0.128035
8 0.479333 0.394040 0.044000 0.123620
0 0.526000 0.384106 0.036000 0.046358
13 0.583333 0.431567 0.057333 0.172185
1 0.032667 0.794702 0.052000 0.090508
17 0.096667 0.802428 0.049333 0.105960
0 0.139333 0.782561 0.025333 0.052980
8 0.190667 0.782561 0.048000 0.088300
11 0.232667 0.813466 0.022667 0.105960
11 0.278667 0.793598 0.032000 0.132450
4 0.342000 0.799117 0.049333 0.099338
19 0.435333 0.807947 0.044000 0.103753
17 0.486667 0.798013 0.048000 0.110375
0 0.526000 0.770419 0.036000 0.064018
13 0.576667 0.801325 0.049333 0.108168
18 0.628667 0.802428 0.052000 0.119205
11 0.666000 0.789183 0.028000 0.141280
0 0.716667 0.778146 0.038667 0.052980
14 0.774000 0.799117 0.041333 0.103753
17 0.818667 0.805740 0.042667 0.099338
19 0.871333 0.775938 0.060000 0.141280