0 0.078804 0.312500 0.070652 0.056159
1 0.179348 0.330616 0.061594 0.088768
2 0.288949 0.315217 0.074275 0.054348
3 0.395833 0.334239 0.092391 0.074275
4 0.508152 0.336957 0.077899 0.076087
5 0.604167 0.329710 0.081522 0.068841
6 0.707428 0.335145 0.092391 0.083333
7 0.809783 0.333333 0.083333 0.068841
8 0.916667 0.333333 0.090580 0.076087
9 0.075181 0.528986 0.081522 0.072464
10 0.168478 0.538043 0.068841 0.101449
11 0.274457 0.542572 0.067029 0.092391
12 0.379529 0.538949 0.099638 0.085145
13 0.492754 0.540761 0.079710 0.085145
14 0.596920 0.541667 0.085145 0.101449
15 0.713768 0.540761 0.076087 0.096014
16 0.804348 0.547101 0.086957 0.090580
17 0.900362 0.555254 0.065217 0.117754
18 0.119565 0.740036 0.119565 0.096014
19 0.221920 0.739130 0.077899 0.090580
20 0.327899 0.740942 0.108696 0.094203
21 0.439312 0.739130 0.092391 0.090580
22 0.550725 0.745471 0.076087 0.088768
23 0.655797 0.745471 0.097826 0.092391
24 0.763587 0.744565 0.085145 0.090580
25 0.874094 0.750906 0.106884 0.117754