13 0.168000 0.775200 0.056000 0.106667
14 0.218667 0.772000 0.048000 0.096000
15 0.302000 0.775200 0.041333 0.081067
20 0.346667 0.783733 0.048000 0.085333
1 0.378667 0.765600 0.021333 0.074667
11 0.424667 0.776267 0.036000 0.096000
8 0.480667 0.766667 0.049333 0.072533
2 0.527333 0.752800 0.054667 0.057600
0 0.594667 0.750667 0.034667 0.057600
2 0.646000 0.756000 0.041333 0.055467
2 0.690000 0.756000 0.038667 0.038400
4 0.736667 0.766667 0.041333 0.064000
18 0.779333 0.772000 0.038667 0.074667
18 0.830667 0.769867 0.056000 0.087467