8 0.224638 0.271739 0.106280 0.090580
17 0.301932 0.290761 0.053140 0.081522
0 0.352657 0.278986 0.048309 0.076087
4 0.387144 0.267361 0.042941 0.041969
3 0.430086 0.273752 0.048309 0.047303
1 0.496511 0.268217 0.044283 0.052335
17 0.540123 0.286333 0.040258 0.062399
0 0.571659 0.276268 0.028180 0.048309
8 0.619968 0.275765 0.052335 0.049316
11 0.701154 0.289855 0.042941 0.053341
11 0.662238 0.284823 0.029522 0.061393
4 0.766908 0.279791 0.085883 0.053341
12 0.281133 0.396538 0.048309 0.047303
7 0.322061 0.389996 0.044283 0.066425
0 0.360977 0.381944 0.028180 0.032206
19 0.413312 0.389996 0.049651 0.046296
8 0.475040 0.387983 0.044283 0.042271
18 0.515969 0.395028 0.040258 0.048309
24 0.581723 0.388990 0.048309 0.050322
14 0.623994 0.393519 0.036232 0.053341
20 0.664922 0.395028 0.040258 0.064412
17 0.705180 0.388990 0.040258 0.056361
18 0.276436 0.500201 0.057703 0.053341
20 0.324074 0.502214 0.040258 0.055354
15 0.370370 0.501208 0.041600 0.045290
4 0.412641 0.497685 0.040258 0.042271
17 0.452228 0.497685 0.049651 0.050322
15 0.498524 0.497685 0.040258 0.054348
14 0.491143 0.513788 0.004026 0.012077
22 0.536769 0.499195 0.038916 0.049316
4 0.581723 0.504730 0.042941 0.044283
17 0.626006 0.502717 0.045625 0.042271
19 0.666264 0.507750 0.037574 0.056361