8 0.166667 0.159894 0.028571 0.072804
8 0.292857 0.177672 0.033333 0.067725
8 0.302381 0.423175 0.037143 0.077884
8 0.295714 0.654286 0.033333 0.106667
8 0.035714 0.940423 0.033333 0.076190
8 0.291905 0.869312 0.039048 0.066032
14 0.200952 0.181058 0.022857 0.067725
14 0.327143 0.192063 0.029524 0.069418
19 0.230476 0.189524 0.032381 0.088042
19 0.360476 0.200529 0.037143 0.079577
19 0.366190 0.654286 0.039048 0.096508
19 0.651429 0.913333 0.041905 0.089735
19 0.797143 0.904868 0.030476 0.079577
15 0.345238 0.429101 0.054286 0.089735
15 0.327143 0.653439 0.035238 0.125291
10 0.071905 0.926032 0.037143 0.101587
9 0.330000 0.867619 0.039048 0.082963
9 0.635714 0.457037 0.061905 0.091429
9 0.802381 0.404550 0.075238 0.074497
9 0.606190 0.684762 0.040952 0.079577
9 0.615714 0.919259 0.035238 0.094815
9 0.770000 0.907407 0.031429 0.104974
2 0.643810 0.216614 0.059048 0.071111
10 0.792381 0.185291 0.041905 0.089735
24 0.647143 0.687302 0.039048 0.077884