9 0.348667 0.105886 0.105333 0.132000
1 0.434000 0.102114 0.076000 0.150857
19 0.491333 0.106829 0.062667 0.148971
0 0.562667 0.106829 0.056000 0.122571
7 0.644000 0.106829 0.074667 0.122571
4 0.277333 0.295400 0.064000 0.115029
19 0.362667 0.301057 0.069333 0.133886
13 0.430667 0.305771 0.058667 0.128229
19 0.498000 0.303886 0.060000 0.132000
0 0.570000 0.307657 0.062667 0.120686
0 0.636000 0.309543 0.061333 0.120686
3 0.710000 0.293514 0.076000 0.099943
7 0.418667 0.483029 0.085333 0.132000
13 0.500667 0.500943 0.060000 0.130114
18 0.570000 0.505657 0.070667 0.124457