13 0.101333 0.345926 0.024000 0.094815
13 0.095333 0.541481 0.020000 0.049778
13 0.092667 0.720444 0.028000 0.042667
13 0.090667 0.910074 0.026667 0.033185
13 0.226000 0.357778 0.028000 0.042667
13 0.494667 0.367259 0.016000 0.042667
13 0.636000 0.374370 0.037333 0.052148
13 0.214667 0.537926 0.029333 0.056889
13 0.226000 0.718074 0.038667 0.037926
13 0.249333 0.895852 0.026667 0.047407
13 0.608667 0.543852 0.022667 0.040296
13 0.612000 0.714519 0.026667 0.040296
13 0.613333 0.902963 0.024000 0.052148
13 0.763333 0.716889 0.036000 0.049778
13 0.760000 0.540296 0.032000 0.056889
13 0.733333 0.901778 0.029333 0.064000
4 0.134667 0.357778 0.024000 0.104296
4 0.258000 0.364889 0.028000 0.071111
4 0.520667 0.369630 0.033333 0.085333
4 0.666667 0.374370 0.034667 0.075852
12 0.147333 0.536741 0.057333 0.059259
12 0.255333 0.536741 0.033333 0.054519
12 0.290667 0.540296 0.037333 0.056889
12 0.644667 0.534370 0.025333 0.068741
12 0.792667 0.547407 0.022667 0.052148
23 0.134667 0.727556 0.029333 0.080593
23 0.254667 0.724000 0.034667 0.073481
23 0.645333 0.715704 0.029333 0.094815
23 0.794000 0.733481 0.030667 0.064000
23 0.127333 0.913630 0.041333 0.073481
23 0.284000 0.919556 0.029333 0.080593
16 0.652000 0.906519 0.040000 0.082963
16 0.766000 0.911259 0.036000 0.068741