6 0.168000 0.775200 0.056000 0.106667
1 0.218667 0.772000 0.048000 0.096000
14 0.302000 0.775200 0.041333 0.081067
17 0.346667 0.783733 0.048000 0.085333
4 0.378667 0.765600 0.021333 0.074667
0 0.424667 0.776267 0.036000 0.096000
5 0.480667 0.766667 0.049333 0.072533
12 0.527333 0.752800 0.054667 0.057600
13 0.594667 0.750667 0.034667 0.057600
12 0.646000 0.756000 0.041333 0.055467
12 0.690000 0.756000 0.038667 0.038400
3 0.736667 0.766667 0.041333 0.064000
8 0.779333 0.772000 0.038667 0.074667
8 0.830667 0.769867 0.056000 0.087467