14 0.530989 0.623706 0.053344 0.072464
13 0.570521 0.630823 0.027625 0.034938
0 0.593859 0.663173 0.038103 0.065994
13 0.641964 0.669643 0.027625 0.042702
28 0.672447 0.700052 0.040961 0.064700
28 0.711026 0.724638 0.036198 0.069876
12 0.572902 0.710404 0.045724 0.049172
6 0.640059 0.762164 0.044771 0.056936
8 0.678162 0.786749 0.046676 0.043996
5 0.720076 0.811335 0.046676 0.043996
16 0.762466 0.828804 0.034293 0.055642
2 0.484312 0.471014 0.051439 0.043996
5 0.538133 0.461310 0.031435 0.037526
13 0.581475 0.455487 0.032388 0.033644
8 0.639583 0.458722 0.053344 0.053054
13 0.681020 0.440606 0.031435 0.032350
6 0.732936 0.456781 0.045724 0.080228
23 0.788185 0.421196 0.038103 0.053054
19 0.834862 0.420549 0.038103 0.064700