1 0.040000 0.690971 0.040000 0.051218
6 0.080000 0.689433 0.034872 0.054293
12 0.120000 0.684004 0.032821 0.043435
3 0.156923 0.686331 0.034872 0.044986
17 0.206154 0.687106 0.041026 0.055845
14 0.246154 0.689433 0.032821 0.057396
1 0.281538 0.683228 0.035897 0.063601
6 0.315385 0.684780 0.037949 0.063601
13 0.367692 0.680126 0.029744 0.038781
15 0.426667 0.687882 0.038974 0.066703
5 0.467179 0.680902 0.031795 0.058947
11 0.500513 0.687882 0.028718 0.060498
3 0.540000 0.683228 0.033846 0.051191
15 0.041538 0.739073 0.029744 0.051191
24 0.078974 0.736746 0.038974 0.040332
3 0.116923 0.735195 0.030769 0.043435
19 0.153333 0.738297 0.031795 0.055845
3 0.188205 0.739073 0.050256 0.044986
0 0.237949 0.743727 0.034872 0.048088
5 0.275897 0.739849 0.045128 0.034127
2 0.318974 0.739849 0.041026 0.052742
3 0.353846 0.737522 0.036923 0.044986
7 0.392308 0.742175 0.035897 0.054293
13 0.444103 0.735970 0.032821 0.041883
13 0.498974 0.676248 0.001026 0.012410
10 0.498462 0.746053 0.020513 0.062049
5 0.537949 0.732868 0.031795 0.038781
6 0.578462 0.742175 0.045128 0.063601
16 0.611795 0.735970 0.033846 0.048088
5 0.042564 0.785610 0.029744 0.048088
6 0.079487 0.787937 0.042051 0.052742
14 0.134359 0.791815 0.028718 0.057396
13 0.165641 0.780956 0.025641 0.032576
15 0.204615 0.788712 0.037949 0.051191
5 0.246667 0.783283 0.037949 0.034127
13 0.276410 0.777854 0.023590 0.032576
0 0.309744 0.796469 0.030769 0.057396
13 0.352308 0.777078 0.023590 0.021717