0 0.099083 0.164506 0.063552 0.115073
1 0.257286 0.163695 0.066256 0.123177
2 0.410081 0.164506 0.074369 0.121556
3 0.554763 0.162885 0.077073 0.118314
4 0.696064 0.165316 0.075721 0.126418
5 0.845478 0.162075 0.077073 0.119935
6 0.100435 0.311994 0.082482 0.118314
7 0.258639 0.312804 0.082482 0.136143
8 0.412785 0.311183 0.079778 0.123177
9 0.556791 0.317666 0.083834 0.129660
10 0.696064 0.323339 0.083834 0.128039
11 0.846154 0.324149 0.081130 0.119935
12 0.097731 0.478120 0.079778 0.119935
13 0.259315 0.481361 0.083834 0.129660
14 0.409405 0.478120 0.083834 0.129660
15 0.556791 0.487844 0.083834 0.132901
16 0.695388 0.492707 0.087891 0.126418
17 0.846154 0.492707 0.091947 0.132901
18 0.100435 0.660454 0.077073 0.131280
19 0.258639 0.661264 0.085186 0.136143
20 0.411433 0.664506 0.085186 0.132901
21 0.554763 0.665316 0.082482 0.124797
22 0.696740 0.668558 0.074369 0.128039
23 0.846830 0.666937 0.085186 0.134522
24 0.408729 0.851702 0.082482 0.124797
25 0.559495 0.854943 0.091947 0.131280