35 0.097907 0.179903 0.094689 0.155592
26 0.290618 0.179092 0.098690 0.163695
27 0.475994 0.181524 0.106691 0.165316
28 0.666705 0.182334 0.098690 0.157212
29 0.859417 0.186386 0.100023 0.168558
30 0.099241 0.393031 0.108025 0.163695
31 0.291285 0.394652 0.105358 0.160454
32 0.485330 0.395462 0.112026 0.158833
33 0.676708 0.396272 0.108025 0.160454
34 0.870086 0.396272 0.113360 0.157212
36 0.105242 0.611831 0.112026 0.173420
37 0.302621 0.611021 0.106691 0.165316
38 0.481996 0.611021 0.108025 0.162075
39 0.672707 0.613452 0.126696 0.170178
40 0.845413 0.612642 0.101357 0.171799
41 0.105242 0.822528 0.109359 0.153971
42 0.300621 0.825770 0.100023 0.160454
43 0.477328 0.826580 0.098690 0.158833
44 0.658703 0.824959 0.104024 0.152350
45 0.844080 0.823339 0.101357 0.152350