0 0.120155 0.178374 0.059432 0.126353
1 0.205426 0.178374 0.062016 0.121759
2 0.291344 0.172630 0.065891 0.119461
3 0.374031 0.173779 0.063307 0.126353
4 0.456718 0.170333 0.063307 0.133245
5 0.538114 0.168036 0.060724 0.128651
6 0.621447 0.172630 0.064599 0.114867
7 0.702196 0.170333 0.071059 0.119461
8 0.786822 0.169184 0.064599 0.130948
9 0.872739 0.169184 0.076227 0.135543
10 0.126615 0.443715 0.067183 0.174597
11 0.208656 0.444864 0.068475 0.167705
12 0.291344 0.447161 0.063307 0.181489
13 0.374031 0.444864 0.068475 0.167705
14 0.456072 0.444864 0.062016 0.176895
15 0.540052 0.446013 0.072351 0.174597
16 0.622093 0.447161 0.068475 0.172300
17 0.704134 0.450607 0.069767 0.170003
18 0.789406 0.449459 0.069767 0.167705
19 0.872093 0.444864 0.062016 0.172300
20 0.289406 0.702165 0.062016 0.176895
21 0.372739 0.695273 0.063307 0.172300
22 0.458010 0.694125 0.071059 0.179192
23 0.539406 0.699868 0.063307 0.181489
24 0.623385 0.697571 0.071059 0.172300
25 0.705426 0.703314 0.069767 0.174597